-233.97300720 -183.85699463 1874.11694336
-218.70899963 -166.42799377 1847.04199219
-218.12480164 -155.89967346 1939.43811035
-188.49377441 -117.40072632 1930.68664551
-231.72688293 -176.38507080 1918.73657227
-166.11170959 -91.90937042 1892.06909180
-200.98875427 -146.16142273 1818.09936523
-151.33775330 -76.44171143 1849.33679199
-167.43382263 -104.26362610 1790.43994141
-209.89932251 -145.99201965 1730.57934570
-154.58679199 -55.57896042 1724.00476074
-44.77047729 -281.18347168 1756.56579590
-171.87634277 -45.02664185 1737.20520020
-235.99731445 -139.91326904 1750.60729980
-229.69372559 -162.76220703 1750.48571777
-210.43052673 -174.86860657 1742.90966797
-43.46047974 -301.05429077 1769.49267578
63.00076675 -227.07444763 1760.43542480
-73.39847565 -380.48046875 1886.44641113
-14.36391163 -295.16735840 1756.88061523
-96.78028870 -378.91110229 1889.81579590
53.41753387 -210.43560791 1746.13098145
-131.11189270 -53.62867737 1723.32800293
-4.36798859 -264.56301880 1747.31323242
-178.65852356 -147.48939514 1727.78686523
-189.24789429 -168.69331360 1733.88256836
-292.17059326 -238.12368774 1870.48950195
52.56983948 -186.17945862 1747.47082520
-185.25321960 -124.75531006 1728.49719238
-298.51327515 -215.08013916 1867.38269043
-28.70601654 -266.27481079 1747.18432617
-144.76443481 -28.10088158 1739.72851563
-306.09332275 -226.34440613 1898.67407227
-111.07957458 -376.53747559 1909.28051758
-115.65299988 -21.66900063 1860.06201172
-114.66400146 -40.55199814 1735.32800293
75.36100006 -198.84899902 1767.89697266
13.04100037 -277.12500000 1756.96801758
14.51399994 -296.56298828 1770.54797363
-53.93899918 -379.38699341 1900.15600586
-304.04998779 -196.72399902 1882.69995117
-225.80499268 -119.06999969 1745.42504883
-172.43899536 -29.09700012 1755.70703125
69.72634888 -175.66209412 1875.33874512
-99.88566589 -31.86753654 1875.35473633
75.91116333 -191.99830627 1890.58398438
-10.19584084 -310.04598999 2005.50854492
74.00585938 -228.42785645 1780.97033691
8.52046013 -272.61834717 2019.61486816
7.62034512 -293.03311157 2008.20654297
-288.95660400 -252.06478882 1889.86791992
-32.58448792 -312.14779663 2012.32019043
-79.50077820 -385.84759521 1917.15710449
-25.69449425 -314.14044189 1780.14453125
-1.29499912 -312.21466064 1780.37609863
68.91360474 -198.94944763 1913.84875488
81.79710388 -211.63911438 1796.24047852
-49.26153946 -376.90164185 1923.13378906
-101.04150391 -38.51583099 1898.45251465
80.47738647 -188.06433105 1797.82763672
-247.18460083 -107.18960571 1986.50073242
-229.68843079 -92.93885803 1987.79040527
-155.58464050 -14.48386383 1878.47265625
-138.54960632 -14.44798470 1861.55371094
-203.72605896 -112.98904419 1735.83972168
-253.54266357 -128.44213867 1998.49902344
8.22186089 -239.10618591 1805.14697266
25.28207970 -209.98408508 1867.26379395
-25.23416901 -280.57775879 1834.20227051
-41.35680771 -289.40902710 1955.22998047
-57.44135666 -313.64169312 1928.74182129
-50.97235107 -310.33489990 1879.12841797
8.07642269 -227.93849182 1911.17309570
-8.10867691 -246.58761597 1940.56970215
27.64735794 -209.98812866 1835.07690430
-62.73881149 -309.60845947 1869.00805664
-48.87906265 -292.87957764 1844.36694336
-204.14746094 -168.89022827 1824.50097656
-159.53395081 -166.38200378 1793.96374512
-27.23101234 -172.56771851 1792.09875488
-224.87483215 -191.97854614 1859.21154785
-50.05061722 -249.06423950 1803.46276855
-60.72986984 -221.29678345 1793.34082031
-135.28865051 -165.45454407 1787.19079590
-102.06367493 -116.22636414 1785.70715332
