167.94700623 -397.23999023 1318.17700195
308.35400391 -245.62500000 1238.56005859
322.38699341 -216.98199463 1242.65905762
361.65499878 -277.09201050 1304.56103516
464.81698608 -312.07000732 1276.26501465
480.48901367 -339.29501343 1282.10205078
396.37298584 -383.37100220 1348.54101563
304.69299316 -156.96699524 1378.58398438
332.42001343 -246.10899353 1234.89099121
350.89401245 -230.88600159 1240.63000488
323.56799316 -268.60800171 1298.62097168
169.88800049 -430.90798950 1320.81701660
196.59500122 -426.60900879 1301.57495117
197.51899719 -448.12799072 1315.32202148
250.11799622 -433.77301025 1357.86999512
185.63800049 -406.03298950 1303.12805176
227.61599731 -403.19000244 1344.26098633
451.55801392 -331.40499878 1272.64904785
330.09100342 -496.26300049 1338.13000488
361.84500122 -430.46899414 1364.51599121
337.28201294 -522.78601074 1355.15197754
309.85000610 -506.80300903 1345.44396973
149.25000000 -352.61999512 1454.68505859
353.09600830 -497.81600952 1344.65600586
313.57000732 -195.38900757 1266.67797852
334.92898560 -223.47999573 1362.02795410
352.06600952 -210.04200745 1252.35998535
400.76098633 -302.46200562 1317.35302734
336.62100220 -195.54800415 1262.96997070
468.77499390 -309.27099609 1404.62500000
338.12500000 -239.85800171 1320.30200195
418.59500122 -296.86401367 1328.61401367
327.81201172 -152.45500183 1382.93505859
374.33099365 -268.92898560 1313.51293945
546.94500732 -316.77398682 1376.28894043
464.23001099 -320.54800415 1359.60705566
485.24398804 -308.32400513 1287.74499512
500.20999146 -321.20001221 1301.24401855
548.94000244 -339.87399292 1373.16101074
365.26501465 -510.20599365 1361.44702148
552.60601807 -332.44900513 1403.53100586
406.22500610 -532.65698242 1442.27697754
501.03100586 -344.62500000 1307.41003418
394.20498657 -410.51901245 1365.98205566
472.39001465 -337.97698975 1368.67004395
360.13198853 -456.22399902 1381.28796387
547.77099609 -359.16799927 1387.19201660
424.36801147 -369.92498779 1352.17797852
486.97299194 -363.60998535 1303.88500977
388.85598755 -540.67401123 1471.02795410
466.51000977 -367.54699707 1292.32397461
339.26000977 -536.44500732 1385.55505371
386.65499878 -545.19598389 1437.91296387
359.51800537 -526.03198242 1378.50305176
185.62399292 -455.69299316 1333.31201172
316.54098511 -535.57800293 1378.92602539
366.30899048 -550.09497070 1449.23999023
227.89500427 -397.41000366 1459.16296387
212.88299561 -415.32501221 1371.80603027
151.88499451 -395.88800049 1461.82299805
312.35800171 -454.49600220 1476.97094727
208.59399414 -399.84100342 1408.47802734
168.42700195 -447.41799927 1347.34094238
156.33299255 -426.51199341 1349.55895996
155.91600037 -405.71899414 1336.45300293
285.88299561 -164.02299500 1392.55603027
451.85101318 -353.94299316 1279.21704102
